1,521
2,517
3,486
4,491
5,471
6,474
7,448
8,438
9,450
10,425
11,416
11,416
12,432
13,391
14,393
15,368
16,388
16,388
17,409
18,390
19,347
20,363
21,344
22,350
23,291
24,297
25,306
26,331
27,322
28,329
29,331
30,332
31,331
32,340
33,334
34,291
35,299
36,294
37,281
38,272
39,284
40,250
40,250
41,240
42,239
43,234
44,268
45,247
46,273
47,230
48,210
49,231
49,231
50,226
51,242
52,238
53,259
54,254
55,233
56,208
57,200
58,189
59,173
60,178
61,188
62,187
63,180
64,170
65,191
66,201
67,217
68,223
69,242
70,267
71,244
72,226
73,222
74,237
75,227
76,220
77,207
78,216
79,209
80,227
81,203
82,199
83,184
84,218
85,198
86,219
87,191
88,223
89,237
90,225
91,243
92,247
93,229
94,224
95,246
96,240
97,226
98,241
99,217
99,217
99,217
99,217
100,221
101,200
102,223
103,210
104,222
105,200
106,195
107,201
108,216
109,195
110,196
110,196
111,183
112,188
113,197
114,200
114,200
115,208
116,193
117,191
118,160
119,167
120,159
121,151
122,144
123,152
124,154
125,152
126,161
127,148
128,154
129,153
130,155
131,163
132,168
133,176
134,165
134,165
135,188
136,195
137,185
138,198
139,185
139,185
140,214
141,179
142,196
143,168
144,177
145,183
146,204
147,195
148,204
149,214
150,201
151,206
152,210
153,190
154,203
155,192
156,193
157,187
158,175
159,173
160,165
161,170
162,171
163,184
164,179
165,193
166,187
167,179
168,189
169,172
170,176
171,175
172,160
173,143
174,144
174,144
175,129
176,123
176,123
177,118
178,116
179,110
180,112
181,100
182,92
182,92
183,88
184,91
184,91
185,94
186,103
187,100
188,109
189,106
190,100
191,109
192,104
193,109
194,112
195,129
196,123
197,138
198,116
199,101
199,101
200,108
201,104
202,112
203,114
204,118
205,128
206,126
207,123
208,120
209,124
210,118
211,129
212,112
213,120
213,120
214,112
215,107
216,97
217,98
218,100
219,104
220,102
221,99
222,101
223,97
224,101
225,104
226,107
227,106
228,113
229,102
230,115
231,107
232,112
233,114
234,117
235,116
236,111
237,112
238,120
239,109
240,108
241,107
242,111
242,111
243,117
244,126
245,111
246,131
247,109
248,98
249,99
250,100
251,99
252,107
253,102
254,104
255,111
256,104
257,108
258,114
259,107
260,109
261,98
262,103
263,97
264,101
265,99
266,95
267,100
268,96
269,110
270,93
271,96
272,97
273,100
274,101
275,97
276,98
277,93
278,95
279,96
280,97
281,95
282,97
283,98
284,104
285,96
286,102
287,99
288,108
289,105
290,115
291,112
292,124
293,113
294,123
295,122
296,136
297,133
298,149
299,147
300,155
301,161
302,158
303,157
304,151
305,164
306,156
307,151
308,160
309,161
310,167
311,181
312,192
313,196
314,193
314,193
315,209
316,216
317,204
318,205
319,202
320,170
321,174
322,179
323,175
324,186
325,182
326,184
327,197
328,177
328,177
329,183
330,169
331,160
331,160
332,172
333,178
334,189
335,177
336,187
337,185
338,196
339,207
340,198
341,210
341,210
342,222
343,217
344,204
345,216
345,216
346,217
347,206
348,199
349,209
350,210
351,202
352,212
353,230
354,196
355,190
356,183
357,182
358,187
359,198
360,188
361,208
362,222
363,212
364,222
364,222
365,231
366,250
367,259
368,260
369,268
370,270
371,251
372,281
373,261
374,273
375,249
376,247
377,220
378,224
379,228
380,225
381,224
382,233
383,247
384,245
385,266
386,243
387,233
388,225
389,239
390,248
391,264
392,251
393,217
394,215
395,195
396,200
397,211
398,204
399,209
400,217
401,191
402,190
403,174
404,187
405,186
406,188
407,201
407,201
408,189
409,176
410,183
411,176
412,193
413,181
414,194
415,192
416,180
417,192
418,187
419,188
420,177
421,175
422,171
423,173
424,166
425,171
426,170
427,165
428,177
429,182
430,181
431,201
432,182
433,195
434,207
435,211
435,211
436,219
437,235
438,225
439,233
440,237
441,249
442,243
443,241
444,245
445,239
446,263
447,266
447,266
448,258
449,271
450,264
451,256
452,251
453,268
454,237
455,269
456,252
457,258
458,263
459,266
460,275
461,281
462,312
463,301
464,303
465,301
466,306
467,312
468,324
469,300
470,321
471,290
472,285
473,289
474,273
475,301
476,274
477,306
478,276
479,259
480,264
481,249
482,237
483,253
484,248
485,253
486,247
487,255
488,239
489,217
490,251
491,228
492,261
493,251
494,234
495,230
496,229
497,214
498,216
499,201
500,196
501,189
502,190
503,216
504,196
505,207
506,208
506,208
506,208
507,233
508,230
509,214
510,224
511,208
512,241
513,214
514,220
515,231
516,199
517,214
518,219
518,219
519,220
520,230
521,220
522,211
523,206
524,220
525,213
526,212
527,224
528,220
529,203
530,215
531,209
532,210
533,200
534,226
535,217
536,255
537,239
538,241
539,219
540,231
541,213
542,244
543,221
544,228
545,217
546,225
547,211
548,224
549,214
550,221
551,216
552,206
553,191
554,190
555,179
556,188
557,195
557,195
557,195
558,214
559,230
560,209
561,197
562,213
563,208
564,224
565,226
566,221
567,211
568,194
569,196
570,197
571,211
572,206
573,211
574,195
575,198
576,187
577,198
578,167
579,168
580,157
581,172
582,157
583,181
584,175
585,194
586,199
587,194
588,191
589,190
590,227
591,197
592,203
593,205
593,205
594,195
595,205
596,189
597,222
598,201
599,206
600,193
601,204
602,194
602,194
603,206
604,202
605,211
606,198
607,197
608,203
609,210
610,189
611,183
612,186
613,199
614,203
615,214
616,205
617,191
618,202
619,187
620,215
621,177
622,154
623,147
624,159
625,158
626,167
627,177
628,169
629,181
630,177
631,180
632,191
633,177
633,177
634,163
635,171
636,192
637,156
638,144
639,117
640,111
641,120
642,122
643,126
644,130
645,132
646,123
647,122
648,119
649,127
650,102
651,117
652,104
653,101
654,117
655,108
656,127
657,120
658,133
659,127
660,136
661,128
662,130
663,143
664,132
665,136
666,125
667,130
668,141
669,140
670,127
671,121
672,131
673,138
674,132
675,126
676,118
676,118
677,107
678,120
679,118
680,127
681,116
682,120
683,118
684,121
685,124
686,129
687,115
688,129
689,116
690,126
691,104
691,104
691,104
692,105
693,112
693,112
694,128
695,113
696,110
697,119
698,115
699,119
700,116
701,120
702,124
703,135
704,124
705,132
706,129
707,140
708,141
709,133
710,156
711,140
711,140
712,136
713,126
713,126
714,123
715,109
716,119
717,121
718,126
719,138
720,120
721,124
722,121
723,115
724,120
725,110
726,117
727,114
728,118
729,107
730,112
731,107
732,100
733,108
734,98
735,95
736,88
737,92
738,82
739,92
740,79
741,75
741,75
742,76
743,79
744,78
745,85
746,78
746,78
747,77
748,80
749,83
750,86
750,86
751,90
752,92
753,102
754,92
755,99
756,94
757,104
758,97
759,113
760,107
761,111
762,96
763,99
764,97
765,95
766,101
767,102
768,111
769,103
770,101
771,103
772,108
773,105
774,113
775,106
776,101
777,104
778,102
779,111
780,96
781,97
782,95
783,105
783,105
784,115
785,97
786,107
787,100
788,112
789,103
790,110
790,110
790,110
791,106
792,109
792,109
793,118
794,106
795,103
796,116
797,105
798,104
799,107
800,109
801,91
802,90
803,95
804,89
805,100
806,81
807,85
808,80
809,81
810,77
810,77
811,81
812,74
813,76
814,77
815,83
816,78
817,76
818,82
819,81
820,90
821,82
822,87
823,79
824,78
825,76
826,78
827,75
828,80
829,76
830,82
831,85
832,81
833,83
834,81
835,78
836,81
837,86
838,89
839,94
840,101
841,90
842,93
843,90
844,96
845,92
846,93
847,95
848,86
849,92
850,94
851,92
852,100
853,91
854,96
855,94
856,95
857,99
858,109
859,105
860,109
861,94
862,100
863,101
864,113
865,100
866,107
867,98
868,105
869,106
870,117
871,99
871,99
872,102
873,99
874,98
875,99
876,107
877,110
877,110
878,105
879,110
880,104
881,108
882,96
883,90
884,93
885,81
886,77
887,80
888,75
889,79
890,82
891,87
892,85
893,101
894,92
894,92
895,94
896,96
897,94
898,92
899,102
900,93
901,100
902,97
903,92
904,86
905,88
906,89
907,93
908,84
909,92
910,86
911,87
912,80
913,75
914,79
915,78
916,79
917,77
918,78
919,73
920,68
921,69
922,65
923,63
924,61
