1,491
2,469
3,470
4,490
5,474
6,467
7,473
8,425
9,446
10,402
11,383
12,372
13,379
14,392
15,365
16,388
17,343
18,330
19,295
20,282
21,279
22,270
23,236
24,260
25,256
26,268
27,269
28,254
29,235
30,257
31,270
32,266
33,245
34,210
35,224
36,207
37,221
38,218
39,225
39,225
40,239
41,228
42,236
42,236
43,258
44,234
45,248
46,242
47,282
48,230
49,215
50,213
51,202
52,191
53,193
54,188
55,184
56,186
57,194
58,174
59,172
60,177
61,176
62,164
63,183
64,153
65,155
66,146
67,148
68,145
69,138
70,146
71,141
72,139
73,129
74,130
75,121
76,134
77,128
78,124
79,132
79,132
80,148
81,139
82,153
83,142
84,140
85,150
86,135
87,141
88,144
89,133
90,139
91,145
92,135
93,141
94,151
95,140
96,149
97,154
98,143
99,149
100,164
101,143
102,148
103,151
104,147
105,144
106,152
107,141
108,148
109,154
110,143
111,148
112,156
113,142
114,150
115,155
116,142
117,150
118,161
119,148
120,157
121,161
122,155
123,160
124,169
125,166
126,161
127,164
128,159
129,168
130,161
131,168
132,169
132,169
133,167
134,171
135,163
136,177
137,156
138,166
139,158
140,153
141,148
142,143
143,146
144,139
145,141
146,140
147,144
148,142
149,153
150,148
151,155
152,147
153,148
154,150
155,152
156,153
157,161
158,169
159,170
160,171
161,178
162,175
163,177
164,179
165,178
166,190
167,174
168,189
169,177
170,174
171,178
172,181
173,188
174,185
175,203
176,206
176,206
177,209
178,226
179,229
180,234
181,244
182,238
183,234
184,232
185,218
186,230
187,211
188,195
189,199
190,196
191,205
192,197
193,208
194,206
195,197
196,201
197,196
198,206
199,203
200,198
201,211
202,205
203,215
204,218
205,208
206,217
207,202
207,202
208,183
209,194
210,191
211,187
211,187
212,180
213,176
214,169
215,165
216,159
217,165
218,163
219,180
220,159
221,168
222,156
223,159
224,152
225,167
226,161
227,165
227,165
228,163
229,176
230,180
231,182
232,166
233,179
234,168
235,179
236,159
237,168
238,162
238,162
239,163
240,167
241,166
242,158
243,152
244,166
245,161
246,172
247,167
248,170
249,167
250,169
251,178
252,171
253,174
254,164
255,157
256,171
257,162
258,153
259,158
260,162
261,168
262,159
263,176
264,168
265,154
266,158
267,156
268,159
269,168
270,165
271,183
272,169
273,168
274,179
274,179
275,197
276,184
277,210
278,183
279,184
280,201
281,194
282,189
283,180
284,178
285,176
286,172
287,182
288,159
289,169
290,170
291,168
292,167
293,169
294,171
295,172
296,170
297,178
298,174
299,176
300,185
301,188
302,179
303,192
304,184
305,186
306,176
307,175
308,168
309,151
310,157
311,155
312,147
313,156
314,155
315,171
316,169
317,172
318,159
319,160
320,147
321,148
322,137
323,140
324,131
325,141
326,136
327,147
328,139
329,136
330,140
331,145
332,136
332,136
333,134
334,131
335,128
336,127
337,119
337,119
338,123
339,130
340,116
341,114
342,112
343,116
344,124
345,128
346,133
347,134
348,143
349,142
350,146
351,145
352,167
353,149
354,157
355,145
356,154
357,157
358,159
359,150
360,155
361,145
362,150
363,155
364,152
365,154
366,147
367,165
368,153
369,169
369,169
370,167
371,188
371,188
372,181
373,186
374,178
375,171
376,163
377,168
378,169
379,180
380,173
381,187
382,188
383,196
384,167
385,165
386,156
387,170
388,172
389,179
390,165
391,178
392,168
393,159
394,162
395,158
396,159
397,151
398,155
399,157
400,153
401,139
402,140
403,141
404,138
405,139
406,136
407,135
408,127
409,120
410,128
411,124
411,124
411,124
412,128
413,121
414,136
415,123
416,132
416,132
417,134
418,139
419,135
420,136
421,143
422,133
423,144
424,143
425,131
426,129
427,130
428,139
429,146
430,135
431,145
432,139
433,146
434,145
435,154
436,144
437,151
438,154
439,153
440,148
441,155
442,142
442,142
443,145
444,152
445,149
446,152
447,163
448,169
449,156
450,141
450,141
451,144
452,143
453,144
454,149
455,137
456,138
457,146
458,148
459,147
460,151
460,151
461,157
462,140
463,139
464,140
465,136
466,146
467,137
468,130
469,127
470,131
471,138
472,141
473,144
474,152
474,152
475,164
476,168
477,187
478,183
479,170
480,185
481,177
482,175
483,195
484,199
485,192
486,185
487,174
488,181
489,171
489,171
490,163
491,156
492,158
493,154
494,170
495,155
496,138
497,141
498,133
499,128
500,136
501,129
502,136
503,142
504,136
505,142
506,136
507,146
508,128
509,139
510,133
511,138
512,146
513,154
514,145
515,141
516,152
517,145
518,165
519,135
520,139
521,138
522,140
523,141
524,148
525,144
526,150
527,142
528,137
529,142
530,152
531,138
532,142
533,156
534,159
535,141
536,135
537,141
538,119
539,113
540,110
541,107
542,98
543,101
544,102
545,97
546,103
547,99
548,104
549,99
550,102
551,100
552,107
553,97
554,92
555,86
556,84
557,83
557,83
558,85
559,87
560,91
561,93
562,95
563,101
564,99
565,103
566,105
567,97
568,107
569,103
570,110
571,113
572,123
573,112
574,124
575,101
576,96
577,102
578,105
579,108
580,111
581,110
582,113
583,118
584,109
584,109
585,107
586,114
587,110
588,114
589,111
590,120
591,110
592,99
593,104
594,98
595,105
596,96
597,94
598,96
598,96
598,96
598,96
599,94
600,95
601,90
602,94
603,87
604,90
605,91
606,95
607,93
608,92
609,98
610,97
611,91
611,91
612,93
613,95
614,102
615,98
616,107
617,108
618,112
618,112
619,116
620,120
620,120
621,126
622,123
622,123
623,128
624,123
625,127
626,118
627,134
628,116
629,120
630,124
631,123
631,123
632,137
633,124
634,116
634,116
635,107
636,112
637,99
638,101
639,92
640,90
641,86
642,95
643,88
644,92
645,90
646,98
647,103
648,100
649,106
650,108
651,102
652,103
653,98
654,95
655,94
656,90
657,87
658,84
658,84
659,82
660,84
661,85
662,89
663,86
663,86
664,89
665,91
666,97
667,93
668,98
669,103
670,95
671,96
672,102
672,102
673,104
674,108
675,110
676,114
677,117
678,115
679,116
680,108
681,117
682,115
683,109
683,109
684,112
685,118
686,119
687,116
688,115
689,111
690,120
691,118
692,122
693,108
694,111
695,107
696,116
697,115
698,120
699,113
700,125
701,113
702,112
703,105
704,111
705,107
706,111
707,107
708,110
709,119
710,105
711,107
712,108
713,104
714,103
715,100
716,105
717,101
718,108
719,104
720,115
721,108
722,114
723,120
724,115
725,123
726,121
727,127
728,130
729,126
730,127
731,129
732,132
733,127
734,132
735,133
736,135
737,123
738,121
739,118
740,117
741,115
742,120
743,113
744,111
745,106
746,103
747,111
747,111
748,114
749,119
750,127
751,133
752,138
753,134
754,128
755,124
756,130
757,126
758,119
759,115
760,105
760,105
761,94
762,88
763,89
764,87
765,85
766,83
767,79
768,77
769,73
769,73
769,73
769,73
769,73
769,73
769,73
769,73
769,73
769,73
769,73
769,73
769,73
769,73
769,73
769,73
769,73
769,73
769,73
769,73
769,73
769,73
769,73
769,73
769,73
769,73
769,73
769,73
769,73
769,73
769,73
769,73
769,73
769,73
769,73
769,73
769,73
769,73
769,73
769,73
769,73
769,73
769,73
769,73
769,73
769,73
769,73
769,73
769,73
769,73
769,73
769,73
769,73
769,73
769,73
769,73
769,73
769,73
769,73
769,73
770,75
771,74
772,76
773,74
774,77
774,77
775,74
776,73
777,74
778,75
779,77
780,76
781,81
782,80
783,88
784,86
785,93
786,95
787,105
787,105
787,105
788,113
789,112
790,111
791,103
792,113
793,96
794,91
795,85
796,88
797,82
798,78
799,76
800,70
801,66
802,65
