0.06391477584838867
0.09188580513000488
0.07588982582092285
0.05193018913269043
0.05084729194641113
0.04892921447753906
0.06480216979980469
0.059805870056152344
0.05489468574523926
0.055808067321777344
0.03771638870239258
0.06248879432678223
0.062444210052490234
0.04686260223388672
0.0784754753112793
0.059957027435302734
0.07303619384765625
0.06935000419616699
0.06244540214538574
0.06248354911804199
0.06252837181091309
0.07810401916503906
0.08324980735778809
0.0639657974243164
0.07816791534423828
0.09372758865356445
0.09366631507873535
0.10938739776611328
0.07582449913024902
0.08357858657836914
0.09372949600219727
0.10934734344482422
0.09376764297485352
0.1028604507446289
0.11438989639282227
0.09376859664916992
0.10934996604919434
0.10934948921203613
0.10288882255554199
0.11837220191955566
0.1250309944152832
0.1249094009399414
0.1341869831085205
0.12992000579833984
0.12907958030700684
0.14059162139892578
0.13246822357177734
0.14975929260253906
0.1405937671661377
0.16174650192260742
0.14063358306884766
0.1536564826965332
0.15694093704223633
0.15699195861816406
0.15770697593688965
0.17873740196228027
0.19747376441955566
0.1584789752960205
0.1809239387512207
0.17183589935302734
0.1929187774658203
0.1850128173828125
0.187455415725708
0.19286632537841797
0.1966841220855713
0.20308208465576172
0.20198822021484375
0.21868133544921875
0.21250152587890625
0.2118990421295166
0.20303964614868164
0.21751999855041504
0.2186574935913086
0.23217368125915527
0.23432278633117676
0.23591995239257812
0.2500030994415283
0.2518153190612793
0.2506422996520996
0.27216434478759766
0.2706432342529297
0.26435351371765137
0.27397751808166504
0.2560887336730957
0.27367138862609863
0.26790595054626465
0.29680609703063965
0.29963088035583496
0.33326292037963867
0.3254392147064209
0.3225088119506836
0.33796262741088867
0.34511518478393555
0.2943685054779053
0.3114192485809326
0.349090576171875
0.32233238220214844
0.3151535987854004
0.34366893768310547
0.35802292823791504
0.3425941467285156
0.3437073230743408
0.3615996837615967
0.37270617485046387
0.3646411895751953
0.40291333198547363
0.39029765129089355
0.36225175857543945
0.45336055755615234
0.40418529510498047
0.4172861576080322
0.41677117347717285
0.40895962715148926
0.39609384536743164
0.4520609378814697
0.4364464282989502
0.4396636486053467
0.4396975040435791
0.4543156623840332
0.4462132453918457
0.4752976894378662
0.4158811569213867
0.4561734199523926
0.4828531742095947
0.4861440658569336
0.4824814796447754
0.5336606502532959
0.5038354396820068
0.5018033981323242
0.5182275772094727
0.5145962238311768
0.5212109088897705
0.5457797050476074
0.5340800285339355
0.5318448543548584
0.5499484539031982
0.5654730796813965
0.5622203350067139
0.5685775279998779
0.5653471946716309
0.5457053184509277
0.5951509475708008
0.5767474174499512
0.636627197265625
0.5694708824157715
0.6291148662567139
0.6909201145172119
0.616915225982666
0.617365837097168
0.5972321033477783
0.6371309757232666
0.6563961505889893
0.6473655700683594
0.6667087078094482
0.6755862236022949
0.6704657077789307
0.6406559944152832
0.7009549140930176
0.699474573135376
0.685319185256958
0.7579843997955322
0.7306952476501465
0.7191340923309326
0.6761488914489746
0.7477676868438721
0.7171370983123779
0.8018500804901123
0.7437751293182373
0.8012478351593018
0.7841436862945557
0.7719318866729736
0.7808549404144287
0.832129716873169
0.8128960132598877
0.7855305671691895
0.8361814022064209
0.8224995136260986
0.8820996284484863
0.8594920635223389
0.8649544715881348
0.8511056900024414
0.9029207229614258
0.8797426223754883
0.8749339580535889
0.8882508277893066
0.9186580181121826
0.9730021953582764
0.9858455657958984
0.9643118381500244
1.0054690837860107
0.9897885322570801
0.9382193088531494
0.9888660907745361
1.0125718116760254
1.0020418167114258
0.9546427726745605
0.9966311454772949
0.9945554733276367
1.0738027095794678
1.0366439819335938
1.0326719284057617
1.0766935348510742
1.0679090023040771
1.0289230346679688
1.312976360321045
1.1898858547210693
1.0986146926879883
1.128420352935791
1.0821166038513184
1.1712086200714111
1.1427831649780273
1.1232519149780273
1.1685402393341064
1.1802818775177002
1.1736178398132324
1.1597938537597656
1.1778247356414795
1.2225604057312012
1.1988332271575928
1.2436401844024658
1.2558767795562744
1.302582025527954
1.316533088684082
1.2343263626098633
1.272444486618042
1.3244822025299072
1.25142502784729
1.3625483512878418
1.3705291748046875
1.2615666389465332
1.3502798080444336
1.2682311534881592
1.3849823474884033
1.359060525894165
1.4387154579162598
1.3824536800384521
1.413135290145874
1.4029629230499268
1.3794994354248047
1.4374408721923828
1.5342388153076172
1.4141724109649658
1.5011768341064453
1.4512624740600586
1.5314528942108154
1.4834632873535156
1.5146739482879639
1.566760540008545
1.5804946422576904
1.5389480590820312
1.5521953105926514
1.5859472751617432
1.627110242843628
1.5592029094696045
1.6147992610931396
1.6724939346313477
1.5791339874267578
1.6331007480621338
1.63018798828125
1.645082712173462
1.6593940258026123
1.6685874462127686
1.7059435844421387
1.6861166954040527
1.6834557056427002
1.7365772724151611
1.772409439086914
1.6632130146026611
1.7625882625579834
1.7959024906158447
1.787132740020752
1.7489044666290283
1.8114051818847656
1.7879533767700195
1.844893217086792
1.7581915855407715
1.8897123336791992
1.9065625667572021
1.8652713298797607
2.0068233013153076
2.0064995288848877
1.9930830001831055
2.004603862762451
2.0617685317993164
2.0273568630218506
2.0937488079071045
2.0322704315185547
2.037386894226074
2.03629469871521
2.045726776123047
2.17451810836792
2.1092801094055176
2.1400511264801025
2.1556098461151123
2.135143995285034
2.242661952972412
2.178624153137207
2.188136339187622
2.2357659339904785
2.3650453090667725
2.268991470336914
2.1401209831237793
2.267009735107422
2.357975959777832
2.2574381828308105
2.3355913162231445
2.283973217010498
2.358731985092163
2.2910830974578857
2.4390299320220947
2.383880853652954
2.394526481628418
2.502932548522949
2.4298768043518066
2.382981300354004
2.474701404571533
2.403914451599121
2.5190019607543945
2.4934027194976807
2.519786834716797
2.6567726135253906
2.5034520626068115
2.6003921031951904
2.544915199279785
2.5665409564971924
2.634932518005371
2.5021655559539795
2.6256580352783203
2.5845487117767334
2.6945536136627197
2.6570351123809814
2.747652769088745
2.7980844974517822
2.8109304904937744
2.7855589389801025
2.6543006896972656
2.7725837230682373
2.760111093521118
2.7713048458099365
2.7375011444091797
2.9240856170654297
2.8083786964416504
2.7999377250671387
2.936098575592041
2.8212473392486572
2.965955972671509
2.8989062309265137
2.973426580429077
2.9305026531219482
2.956146478652954
3.0417401790618896
2.939098358154297
3.002474069595337
2.966703176498413
2.983746290206909
3.1585097312927246
3.0393872261047363
3.224794864654541
3.109501361846924
3.045259952545166
3.1681039333343506
3.1713201999664307
3.3164725303649902
3.232848882675171
3.1796934604644775
3.1513986587524414
3.15268611907959
3.1980936527252197
3.219892740249634
3.4239182472229004
3.3261921405792236
3.405122995376587
3.4035892486572266
3.3156821727752686
3.405644178390503
3.3540446758270264
3.307638645172119
3.3219547271728516
3.370255947113037
3.378039836883545
3.4504494667053223
3.4858057498931885
3.3524093627929688
3.4832818508148193
3.516345262527466
3.474423408508301
3.461186408996582
3.6098718643188477
3.5597259998321533
3.467926025390625
3.6201374530792236
3.6617085933685303
3.5485308170318604
3.622659206390381
3.630491256713867
3.694002866744995
3.5760319232940674
3.7200710773468018
3.7151708602905273
3.7981207370758057
3.7886767387390137
3.7478837966918945
3.9375131130218506
3.781050205230713
3.881516456604004
3.7781500816345215
3.903254985809326
3.940783977508545
3.882458448410034
3.982042074203491
4.015019416809082
4.126147508621216
4.159701585769653
4.161205291748047
4.109325170516968
4.2365336418151855
4.080974817276001
4.179818153381348
4.185461044311523
4.340616941452026
4.218884229660034
4.184980392456055
4.231726408004761
4.408609628677368
4.404285907745361
4.31454873085022
4.277033805847168
4.342296838760376
4.502063035964966
4.310993909835815
4.323613166809082
4.502340078353882
4.4832987785339355
4.48160719871521
4.579943418502808
4.640039920806885
4.387807846069336
4.376632928848267
4.498258352279663
4.390923738479614
4.498792409896851
4.4076902866363525
4.559623956680298
4.469910383224487
4.620984792709351
4.487764596939087
4.542714834213257
4.582123517990112
4.692404508590698
4.653773546218872
4.777511358261108
4.750427961349487
4.7793450355529785
4.842559337615967
4.974838972091675
4.9795756340026855
4.939977169036865
4.933639049530029
4.990134000778198
5.040348291397095
5.0411176681518555
5.050218343734741
5.251172780990601
5.2658469676971436
5.262566089630127
5.909576416015625
5.3883185386657715
5.406452655792236
5.5455217361450195
5.101504564285278
5.295269966125488
5.360339403152466
5.328062295913696
5.308445930480957
5.359795331954956
5.342894554138184
5.452199459075928
5.656702280044556
7.689341306686401
5.325044393539429
5.459640026092529
5.509368181228638
5.476269960403442
5.429429054260254
5.327958106994629
5.297900438308716
5.342361927032471
5.323641777038574
5.498441934585571
5.454117298126221
6.031522274017334
5.408688068389893
5.555620193481445
5.8231282234191895
5.687711954116821
5.788318634033203
5.7701051235198975
5.815958499908447
5.759097099304199
5.889190912246704
5.781451940536499
5.843855857849121
5.727316856384277
5.798525333404541
5.823974847793579
5.890365839004517
5.9871666431427
5.816031217575073
5.929184913635254
6.091980457305908
6.557910442352295
6.2820258140563965
6.219094753265381
6.22830867767334
6.0634074211120605
6.015092372894287
6.124517202377319
6.082509994506836
6.120975971221924
6.185664653778076
6.213866949081421
6.164157390594482
6.1940295696258545
6.3011980056762695
6.247236967086792
6.319861650466919
6.230435609817505
6.363175392150879
6.352213382720947
6.366957664489746
6.602102518081665
7.3760294914245605
6.349458456039429
6.575574159622192
6.459930658340454
6.557314395904541
6.4944233894348145
6.482311248779297
6.624166250228882
6.47496771812439
6.60321307182312
6.497429132461548
6.960930109024048
6.780682802200317
6.715254783630371
6.784714460372925
6.861042022705078
6.997778654098511
6.841050863265991
6.889305353164673
