0,502
1,499
2,457
3,451
4,430
5,416
6,404
7,394
8,383
9,375
10,369
11,362
12,354
13,350
14,341
15,337
16,331
17,327
18,326
19,314
20,311
21,306
22,305
23,298
24,298
25,292
26,289
27,285
28,283
29,281
30,275
31,272
32,268
33,266
34,264
35,260
36,258
37,256
38,252
39,250
40,247
41,242
42,238
43,235
44,233
45,230
46,230
47,227
48,229
49,225
50,227
51,223
52,223
53,221
54,217
55,216
56,215
57,215
58,214
59,211
60,209
61,210
62,210
63,206
64,206
65,201
66,200
67,198
68,196
69,194
70,193
71,190
72,190
73,191
74,190
75,189
76,189
77,186
78,187
79,185
80,185
81,187
82,185
83,185
84,182
85,181
86,179
87,180
88,179
89,178
90,176
91,178
92,177
93,176
94,175
95,176
96,175
97,176
98,174
99,172
100,170
101,172
102,169
103,165
104,166
105,162
106,165
107,164
108,163
109,162
110,164
111,160
112,160
113,159
114,160
115,160
116,159
117,159
118,157
119,155
120,155
121,152
122,152
123,152
124,153
125,151
126,151
127,152
128,151
129,149
130,149
131,147
132,144
133,146
134,144
135,143
136,142
137,142
138,141
139,142
140,138
141,141
142,141
143,139
144,139
145,141
146,139
147,140
148,138
149,137
150,138
151,137
152,138
153,136
154,139
155,136
156,136
157,134
158,133
159,133
160,134
161,133
162,132
163,132
164,131
165,130
166,127
167,128
168,125
169,126
170,126
171,122
172,123
173,123
174,124
175,122
176,119
177,121
178,119
179,120
180,118
181,119
182,119
183,118
184,119
185,118
186,115
187,114
188,114
189,112
190,114
191,112
192,111
193,110
194,109
195,109
196,108
197,109
198,109
199,109
200,109
201,107
202,106
203,105
204,104
205,104
206,100
207,101
208,100
209,100
210,100
211,99
212,98
213,97
214,95
215,95
216,95
217,94
218,92
219,93
220,93
221,91
222,91
223,91
224,91
225,90
226,91
227,91
228,91
229,92
230,90
231,91
232,90
233,90
234,91
235,90
236,90
237,90
238,90
239,89
240,91
241,90
242,90
243,91
244,89
245,87
246,88
247,88
248,87
249,87
250,87
251,87
252,87
253,87
254,87
255,86
256,87
257,85
258,88
259,87
260,86
261,87
262,84
263,86
264,85
265,85
266,85
267,84
268,82
269,83
270,81
271,82
272,82
273,83
274,82
275,82
276,81
277,80
278,80
279,81
280,80
281,79
282,80
283,79
284,80
285,80
286,81
287,79
288,80
289,79
290,79
291,80
292,77
293,76
294,76
295,76
296,77
297,74
298,71
299,70
300,70
301,69
302,69
303,68
304,67
305,68
306,67
307,68
308,67
309,67
310,64
311,64
312,64
313,63
314,63
315,63
316,63
317,63
318,63
319,63
320,62
321,63
322,63
323,63
324,63
325,64
326,63
327,64
328,64
329,64
330,65
331,64
332,64
333,65
334,66
335,64
336,65
337,64
338,64
339,63
340,65
341,62
342,61
343,61
344,61
345,61
346,61
347,60
348,60
349,59
350,58
351,58
352,58
353,58
354,59
355,57
356,58
357,57
358,56
359,56
360,56
361,56
362,56
363,56
364,55
365,55
366,55
367,56
368,56
369,57
370,55
371,57
372,55
373,56
374,56
375,56
376,54
377,55
378,55
379,55
380,54
381,56
382,55
383,56
384,57
385,56
386,56
387,56
388,56
389,56
390,55
391,56
392,54
393,54
394,54
395,55
396,56
397,55
398,54
399,54
400,53
401,52
402,53
403,52
404,54
405,54
406,54
407,54
408,54
409,54
410,54
411,55
412,53
413,53
414,54
415,53
416,51
417,51
418,51
419,51
420,51
421,50
422,50
423,51
424,48
425,47
426,47
427,47
428,45
429,46
430,45
431,45
432,44
433,44
434,43
435,43
436,43
437,44
438,44
439,44
440,44
441,44
442,44
443,45
444,45
445,45
446,45
447,45
448,45
449,45
450,44
451,45
452,45
453,43
454,44
455,42
456,42
457,41
458,42
459,42
460,41
461,41
462,41
463,41
464,42
465,42
466,42
467,41
468,41
469,38
470,38
471,38
472,38
473,38
474,37
475,37
476,36
477,37
478,36
479,36
480,35
481,35
482,35
483,36
484,36
485,36
486,35
487,35
488,36
489,36
490,36
491,36
492,36
493,37
494,37
495,37
496,37
497,37
498,37
499,36
500,35
501,35
502,34
503,34
504,34
505,34
506,33
507,34
508,33
509,34
510,33
511,33
512,32
513,33
514,32
515,32
516,33
517,32
518,33
519,33
520,32
521,31
522,31
523,30
524,30
525,29
526,30
527,30
528,29
529,31
530,30
531,29
532,29
533,29
534,29
535,29
536,29
537,29
538,29
539,29
540,29
541,29
542,29
543,29
544,27
545,28
546,28
547,27
548,27
549,27
550,27
551,27
552,27
553,26
554,25
555,25
556,25
557,23
558,24
559,24
560,24
561,23
562,23
563,24
564,24
565,24
566,24
567,24
568,24
569,23
570,24
571,25
572,24
573,24
574,23
575,23
576,23
577,24
578,23
579,24
580,24
581,24
582,24
583,23
584,23
585,24
586,24
587,24
588,25
589,24
590,25
591,25
592,24
593,25
594,24
595,25
596,24
597,25
598,24
599,24
600,24
601,24
602,26
603,25
604,25
605,24
606,24
607,24
608,24
609,24
610,23
611,24
612,23
613,23
614,22
615,22
616,22
617,21
618,22
619,22
620,22
621,23
622,22
623,22
624,22
625,22
626,21
627,22
628,21
629,23
630,22
631,21
632,21
633,21
634,20
635,21
636,20
637,20
638,20
639,20
640,18
641,18
642,19
643,18
644,19
645,18
646,19
647,19
648,19
649,19
650,19
651,19
652,18
653,19
654,18
655,19
656,18
657,19
658,18
659,18
660,17
661,16
662,16
663,17
664,16
665,16
666,15
667,15
668,15
669,15
670,15
671,14
672,14
673,12
674,11
675,11
676,12
677,11
678,11
679,11
680,11
681,11
682,11
683,11
684,10
685,10
686,9
687,9
688,9
689,8
690,9
691,8
692,9
693,9
694,9
695,9
696,9
697,9
698,9
699,9
700,9
701,9
702,9
703,9
704,9
705,9
706,9
707,9
708,9
709,9
710,9
711,9
712,9
713,9
714,9
715,9
716,9
717,9
718,9
719,9
720,9
721,9
722,9
723,10
724,9
725,10
726,9
727,9
728,9
729,9
730,9
731,9
732,9
733,9
734,9
735,9
736,8
737,8
738,8
739,8
740,8
741,9
742,8
743,8
744,7
745,7
746,7
747,7
748,7
749,7
750,7
751,7
752,7
753,7
754,7
755,7
756,7
757,7
758,8
759,8
760,7
761,8
762,7
763,8
764,8
765,8
766,8
767,8
768,8
769,7
770,7
771,7
772,7
773,7
774,7
775,6
776,6
777,6
778,6
779,6
780,6
781,6
782,5
783,6
784,6
785,6
786,6
787,6
788,6
789,6
790,6
791,6
792,6
793,6
794,7
795,7
796,6
797,6
798,5
799,4
800,5
801,4
802,5
803,5
804,5
805,4
806,4
807,4
808,4
809,4
810,4
811,5
812,4
813,4
814,4
815,4
816,4
817,4
818,4
819,4
820,4
821,4
822,4
823,4
824,4
825,3
826,2
827,2
828,2
829,2
830,2
831,2
832,2
833,2
834,2
835,2
836,2
837,2
838,2
839,2
840,2
841,2
842,2
843,2
844,2
845,2
846,2
847,2
848,2
849,2
850,2
851,2
852,2
853,2
854,2
855,2
856,2
857,2
858,2
859,2
860,2
861,2
862,2
863,2
864,2
865,2
866,2
867,2
868,2
869,2
870,2
871,2
872,2
873,2
874,2
875,2
876,2
877,2
878,2
879,2
880,2
881,2
882,2
883,2
884,2
885,2
886,3
887,3
888,3
889,3
890,3
891,3
892,3
893,2
894,2
895,2
896,2
897,2
898,2
899,2
900,2
901,2
902,2
903,1
904,1
905,1
906,1
907,1
908,1
909,1
910,1
911,1
912,1
913,1
914,1
915,1
916,1
917,1
918,1
919,1
920,1
921,1
922,1
923,1
924,1
925,1
926,1
927,1
928,1
929,1
930,1
931,1
932,1
933,1
934,1
935,1
936,1
937,1
938,1
939,1
940,1
941,1
942,1
943,1
944,1
945,1
946,1
947,1
948,1
949,1
950,1
951,1
952,1
953,1
954,1
955,1
956,1
957,1
958,1
959,1
960,1
961,1
962,1
963,1
964,1
965,1
966,1
967,1
968,1
969,1
970,1
971,1
972,1
973,1
